8.558321  7.551939  9.359891  9.445197 10.153545 11.339335 13.047717 14.888916 13.116342
11.131719  9.344626  8.488621  7.997580  7.207708  9.098049  9.292785 10.166951 11.475627
13.197669 14.973923 13.112334 11.193430  9.427364  8.568741  8.081289  7.204472  9.081007
9.257026 10.136323 11.282295 13.124773 14.988370 13.112257 11.218038  9.399297  8.433125
7.933091  7.114930  9.059966  9.287012 10.171479 11.300170 13.130494 14.937391 13.091217
11.235972  9.400463  8.492131  8.011645  7.164932  9.160580  9.269962 10.078718 11.333515
13.202359 14.956626 13.191771 11.187166  9.381399  8.448040  7.814157  7.111996  8.992665
  9.268127 10.117810 11.333935 13.097421 14.816093 13.001728 11.209263  9.373413  8.504873
  8.051936  7.263048  9.137856  9.319970 10.143397 11.410345 13.159327 15.009644 13.114026
 11.269018  9.370606  8.449356  7.955132  7.143291  9.008458  9.213608  9.941156 11.172873
 13.129312 14.869730 13.037969 11.078364  9.418253  8.537495  8.006337  7.217921  9.142168
  9.333550  9.997264 11.235127 13.060585 14.844329 13.078615 11.095789  9.338358  8.451317
  7.925197  7.228881  9.096725  9.328008 10.105024 11.304998 13.209650 14.844657 13.012558
 11.120818  9.387292  8.500540  7.971004  7.203695  8.959141  9.282029 10.028199 11.215515
 13.067355 14.882432 13.134981 11.228762  9.360436  8.458555  8.002481  7.250374  9.133085
 9.268675 10.070195 11.251065 12.987837 14.772366 13.085459 11.245124  9.396290  8.473491
  7.997005  7.185732  9.007951  9.256864 10.021913 11.236631 13.154563 14.877829 12.997497
 11.123977  9.315207  8.458154  8.027032  7.223226  9.117003  9.354547 10.106105 11.375769
 13.127654 14.908998 13.130254 11.276451  9.389742  8.496462  7.947836  7.211186  9.059996
  9.273609 10.075585 11.189731 13.070408 14.887274 13.128004 11.127555  9.387278  8.474056
  8.088068  7.288444  9.167245  9.396019 10.162084 11.526702 13.120516 14.993728 13.110938
 11.233237  9.413114  8.550253  8.062475  7.242412  9.243130  9.372099 10.163780 11.210189
 13.060142 14.857401 13.025365 11.086498  9.406749  8.518771  7.988729  7.180976  9.124896
  9.286680 10.160723 11.279575 13.060812 14.983462 13.081406 11.175427  9.409948  8.510938
  8.060174  7.181490  9.125022  9.292748 10.081223 11.183003 13.065445 14.858179 13.053336
 11.103073  9.335625  8.496130  8.042110  7.189319  9.133378  9.219486 10.050402 11.268474
 13.084929 14.870698 13.114145 11.207254  9.423125  8.536315
